# 0-based row indices of human_dat_all.csv used to BUILD the uniqueness reference pool.
# The human uniqueness baseline is computed on the complement, so no response is scored
# against a pool containing its own words. Seed 20260729, 50% split of scoreable rows.
0
1
3
9
10
11
12
16
19
21
23
25
26
28
33
34
39
40
41
43
44
45
47
48
50
57
58
64
65
69
70
74
76
80
82
83
84
87
91
93
94
95
96
97
98
101
102
104
105
106
107
108
109
114
115
117
118
121
122
126
128
131
132
134
135
137
138
139
141
142
143
146
147
149
153
154
157
158
161
162
163
168
169
170
171
172
175
176
177
178
181
182
185
186
189
190
193
194
195
197
198
200
203
206
210
214
216
217
219
222
225
228
232
233
235
241
246
250
252
253
254
258
262
264
265
267
270
271
272
277
278
279
280
281
282
284
285
286
288
290
292
294
295
296
299
300
301
303
304
305
313
316
317
318
319
321
325
328
329
331
334
336
338
339
340
341
343
344
345
351
353
354
355
358
359
360
361
366
367
369
373
374
376
378
379
380
381
387
388
390
392
393
394
395
398
399
400
401
402
404
405
411
414
416
418
421
422
424
429
431
432
436
438
439
440
441
442
443
444
445
446
449
450
453
455
458
461
462
463
464
467
469
473
474
475
478
479
482
485
487
488
495
497
498
500
501
504
508
510
511
512
515
522
526
527
533
535
536
537
538
540
541
542
545
547
548
551
553
555
560
562
563
564
565
566
567
568
569
570
571
574
575
576
577
579
585
588
591
597
598
600
603
604
605
606
608
609
610
616
617
618
620
621
622
625
626
628
629
630
632
633
634
635
636
638
640
641
646
652
654
657
658
660
663
665
666
667
668
669
671
672
676
678
682
685
686
687
688
689
691
693
696
697
700
703
705
707
708
713
714
716
718
719
720
722
725
726
727
729
730
731
732
733
734
737
743
747
752
754
758
760
761
762
763
764
768
770
772
777
779
780
781
782
783
786
787
789
790
791
792
793
794
797
798
799
800
803
806
807
808
812
813
814
815
816
818
819
823
824
825
829
831
833
834
835
838
840
841
842
845
848
850
854
857
858
863
865
866
867
872
874
876
877
880
885
888
891
893
895
897
898
899
900
904
907
909
911
913
914
918
920
922
925
927
929
931
932
933
934
935
936
938
939
941
943
947
948
951
954
956
958
959
962
966
970
971
972
976
977
978
979
982
983
986
987
988
989
990
991
992
993
994
995
999
1001
1002
1005
1006
1007
1008
1010
1011
1013
1016
1018
1019
1021
1022
1030
1031
1032
1033
1034
1039
1040
1041
1042
1046
1055
1056
1059
1060
1061
1062
1063
1066
1069
1070
1071
1072
1073
1075
1077
1078
1082
1083
1084
1085
1091
1093
1095
1096
1098
1099
1102
1103
1104
1105
1107
1112
1113
1114
1115
1119
1120
1123
1124
1125
1126
1127
1128
1129
1131
1132
1135
1136
1138
1142
1143
1144
1150
1153
1154
1159
1161
1163
1167
1169
1170
1171
1175
1178
1179
1181
1182
1188
1189
1191
1192
1193
1195
1196
1201
1203
1205
1206
1208
1210
1211
1212
1213
1214
1215
1217
1218
1220
1223
1224
1225
1230
1235
1236
1241
1243
1248
1252
1253
1254
1256
1259
1260
1262
1264
1265
1267
1268
1269
1271
1273
1274
1276
1277
1278
1281
1282
1284
1285
1286
1288
1290
1292
1293
1294
1295
1297
1300
1301
1303
1304
1305
1306
1308
1311
1315
1316
1317
1318
1319
1322
1324
1326
1327
1328
1331
1338
1339
1340
1341
1342
1343
1344
1345
1346
1347
1350
1351
1353
1354
1356
1359
1365
1367
1368
1370
1373
1374
1376
1380
1381
1382
1384
1388
1390
1392
1394
1395
1402
1403
1404
1407
1408
1410
1412
1414
1419
1420
1421
1422
1424
1428
1429
1430
1433
1434
1439
1441
1444
1446
1448
1449
1451
1453
1454
1455
1459
1461
1463
1464
1467
1470
1472
1473
1474
1475
1477
1478
1479
1480
1481
1482
1484
1485
1489
1493
1495
1498
1499
1500
1502
1503
1507
1508
1509
1510
1513
1515
1517
1518
1522
1527
1528
1529
1530
1533
1534
1539
1540
1541
1543
1544
1545
1547
1551
1552
1553
1559
1560
1564
1566
1567
1569
1571
1573
1574
1575
1577
1578
1579
1584
1586
1587
1588
1592
1596
1600
1601
1602
1604
1606
1607
1609
1610
1614
1618
1619
1620
1624
1625
1628
1630
1632
1633
1635
1637
1638
1640
1641
1644
1647
1648
1649
1653
1654
1660
1662
1663
1665
1670
1672
1673
1674
1679
1683
1684
1685
1688
1689
1691
1693
1694
1695
1697
1699
1702
1706
1707
1710
1712
1713
1714
1717
1718
1720
1721
1728
1730
1736
1737
1738
1740
1741
1743
1745
1746
1749
1750
1753
1755
1758
1759
1761
1763
1770
1776
1779
1781
1782
1785
1789
1792
1794
1795
1796
1797
1798
1801
1802
1803
1804
1805
1806
1808
1809
1811
1812
1813
1814
1817
1820
1821
1826
1831
1833
1834
1836
1838
1842
1843
1844
1845
1846
1848
1850
1851
1852
1855
1856
1858
1861
1864
1865
1867
1869
1870
1872
1873
1874
1878
1880
1885
1886
1890
1895
1898
1902
1903
1911
1913
1919
1920
1923
1925
1928
1929
1931
1934
1939
1940
1941
1942
1944
1945
1947
1951
1957
1962
1963
1964
1965
1967
1968
1972
1974
1975
1977
1978
1981
1983
1984
1986
1988
1997
1999
2001
2002
2005
2007
2013
2015
2016
2017
2021
2022
2028
2029
2030
2032
2033
2034
2035
2036
2038
2039
2040
2042
2043
2044
2045
2046
2047
2049
2050
2051
2053
2054
2056
2057
2061
2063
2064
2065
2068
2071
2072
2078
2079
2082
2089
2090
2091
2093
2094
2096
2098
2099
2100
2104
2107
2109
2112
2114
2115
2122
2127
2129
2130
2131
2135
2139
2142
2143
2145
2147
2150
2152
2154
2155
2156
2157
2158
2160
2161
2167
2168
2169
2170
2174
2176
2177
2179
2182
2183
2187
2188
2189
2190
2191
2192
2194
2195
2196
2197
2198
2199
2200
2207
2208
2212
2213
2214
2216
2217
2223
2224
2225
2228
2231
2232
2233
2234
2235
2237
2239
2240
2241
2245
2246
2247
2249
2252
2255
2260
2262
2263
2264
2265
2267
2269
2270
2272
2275
2279
2281
2282
2283
2285
2289
2291
2292
2294
2296
2297
2298
2299
2301
2302
2304
2305
2307
2308
2309
2312
2313
2316
2321
2322
2325
2326
2328
2329
2331
2332
2335
2337
2339
2340
2341
2342
2344
2349
2350
2352
2353
2354
2356
2359
2360
2362
2363
2364
2365
2368
2369
2370
2372
2376
2377
2378
2381
2382
2383
2384
2386
2390
2391
2392
2393
2394
2396
2399
2400
2401
2405
2407
2412
2415
2416
2417
2418
2419
2424
2425
2426
2428
2429
2431
2436
2437
2439
2440
2442
2443
2444
2447
2448
2449
2452
2454
2460
2461
2464
2465
2466
2467
2468
2470
2471
2473
2481
2482
2483
2485
2486
2490
2491
2493
2494
2495
2498
2501
2503
2504
2508
2509
2511
2513
2514
2515
2516
2517
2518
2519
2521
2522
2524
2525
2526
2527
2531
2532
2534
2536
2538
2539
2541
2544
2546
2547
2550
2551
2552
2553
2555
2558
2564
2565
2566
2569
2576
2577
2579
2580
2582
2583
2585
2586
2587
2591
2592
2593
2596
2598
2599
2601
2602
2603
2605
2608
2610
2612
2613
2614
2615
2617
2618
2620
2625
2628
2630
2631
2633
2637
2638
2641
2644
2645
2646
2647
2650
2657
2659
2661
2662
2664
2665
2666
2668
2670
2671
2673
2674
2676
2678
2680
2681
2687
2691
2694
2695
2696
2698
2699
2701
2702
2703
2704
2705
2706
2707
2710
2711
2712
2713
2714
2718
2719
2720
2722
2723
2725
2727
2731
2732
2739
2740
2741
2742
2743
2744
2746
2749
2751
2752
2754
2758
2762
2767
2768
2770
2772
2775
2776
2777
2778
2779
2781
2783
2790
2791
2793
2794
2795
2797
2801
2803
2804
2807
2810
2811
2812
2817
2822
2825
2828
2830
2832
2833
2834
2835
2838
2840
2841
2842
2844
2845
2846
2847
2849
2850
2852
2853
2854
2857
2858
2860
2863
2864
2870
2872
2873
2875
2881
2883
2885
2887
2888
2891
2892
2893
2897
2899
2901
2903
2905
2906
2908
2909
2912
2916
2920
2921
2928
2929
2931
2933
2934
2935
2936
2942
2948
2952
2953
2955
2956
2957
2959
2960
2962
2963
2965
2968
2969
2972
2977
2978
2985
2988
2990
2993
2994
2995
2998
2999
3000
3001
3004
3006
3007
3008
3009
3014
3017
3019
3029
3030
3032
3033
3034
3035
3036
3040
3042
3044
3047
3049
3050
3053
3054
3055
3056
3057
3058
3062
3063
3064
3065
3068
3069
3070
3071
3076
3078
3079
3080
3081
3082
3083
3084
3087
3089
3090
3093
3096
3098
3099
3100
3105
3106
3107
3108
3111
3113
3114
3115
3116
3118
3120
3124
3125
3126
3131
3134
3140
3142
3143
3146
3147
3149
3150
3155
3156
3157
3158
3159
3161
3162
3163
3165
3166
3167
3168
3169
3173
3177
3178
3179
3180
3181
3182
3188
3191
3192
3193
3196
3197
3198
3200
3201
3202
3204
3209
3211
3213
3214
3219
3221
3223
3224
3225
3227
3228
3230
3238
3239
3241
3243
3246
3249
3251
3253
3255
3256
3260
3261
3264
3265
3266
3267
3268
3269
3273
3274
3276
3277
3278
3279
3282
3284
3285
3286
3288
3290
3291
3294
3295
3296
3299
3300
3302
3304
3309
3311
3313
3314
3315
3316
3317
3319
3320
3322
3323
3324
3325
3326
3330
3331
3333
3334
3336
3337
3340
3345
3346
3349
3350
3351
3352
3353
3358
3359
3363
3364
3365
3368
3370
3373
3375
3377
3379
3380
3381
3385
3389
3390
3393
3395
3396
3398
3401
3402
3403
3404
3409
3410
3411
3415
3416
3419
3421
3422
3426
3428
3433
3440
3442
3443
3444
3445
3447
3448
3449
3453
3455
3457
3458
3461
3464
3465
3467
3468
3469
3474
3475
3476
3480
3481
3485
3491
3493
3494
3495
3498
3500
3501
3502
3505
3507
3508
3509
3510
3515
3518
3520
3522
3525
3526
3527
3528
3538
3539
3540
3541
3543
3544
3545
3547
3550
3552
3553
3555
3556
3558
3560
3563
3564
3565
3566
3567
3569
3570
3572
3575
3577
3578
3580
3582
3586
3589
3590
3592
3593
3594
3596
3598
3599
3600
3602
3605
3608
3610
3611
3612
3613
3614
3615
3617
3619
3620
3622
3624
3626
3627
3628
3629
3630
3634
3635
3637
3638
3639
3642
3643
3647
3650
3651
3652
3653
3655
3656
3660
3664
3666
3667
3670
3671
3673
3677
3678
3680
3682
3686
3687
3688
3690
3692
3694
3695
3697
3701
3702
3706
3707
3708
3721
3722
3724
3727
3728
3729
3730
3731
3732
3733
3735
3738
3739
3741
3743
3746
3748
3749
3752
3753
3754
3755
3757
3758
3759
3760
3761
3762
3767
3768
3769
3775
3777
3778
3779
3780
3781
3783
3787
3788
3789
3794
3798
3799
3800
3801
3804
3805
3806
3809
3813
3815
3819
3823
3825
3827
3832
3833
3834
3835
3836
3837
3838
3839
3841
3848
3849
3850
3852
3853
3855
3857
3860
3861
3864
3865
3868
3869
3873
3874
3876
3879
3884
3886
3888
3894
3895
3898
3900
3902
3903
3904
3905
3906
3907
3909
3910
3913
3914
3917
3918
3919
3920
3921
3922
3923
3932
3934
3935
3936
3937
3941
3942
3943
3944
3947
3948
3949
3954
3955
3956
3965
3970
3971
3973
3979
3982
3983
3984
3987
3988
3989
3990
3992
3993
3994
3998
3999
4001
4003
4004
4008
4010
4012
4014
4018
4019
4020
4021
4022
4024
4027
4029
4030
4032
4036
4038
4040
4042
4045
4046
4047
4050
4051
4052
4054
4055
4060
4061
4062
4063
4064
4067
4068
4069
4071
4072
4073
4074
4077
4078
4079
4082
4086
4088
4092
4093
4094
4096
4101
4102
4104
4105
4106
4107
4111
4116
4117
4118
4119
4121
4122
4123
4124
4125
4126
4127
4128
4131
4134
4135
4138
4139
4142
4144
4147
4150
4152
4155
4157
4160
4161
4163
4164
4165
4169
4175
4176
4180
4181
4182
4183
4184
4185
4187
4189
4191
4192
4194
4195
4196
4198
4200
4201
4203
4206
4211
4213
4215
4216
4217
4218
4220
4222
4224
4225
4226
4227
4228
4229
4231
4233
4234
4235
4236
4238
4239
4243
4244
4246
4247
4248
4249
4253
4255
4256
4257
4258
4260
4262
4267
4268
4269
4270
4271
4272
4273
4275
4278
4282
4284
4285
4286
4287
4288
4289
4290
4291
4292
4293
4294
4297
4298
4299
4302
4305
4307
4309
4310
4311
4312
4313
4317
4318
4319
4320
4321
4327
4328
4331
4332
4333
4334
4336
4338
4339
4340
4342
4343
4344
4346
4347
4350
4352
4354
4355
4356
4358
4359
4362
4366
4368
4371
4375
4377
4378
4384
4386
4390
4391
4398
4399
4403
4404
4405
4410
4411
4414
4417
4418
4419
4421
4424
4426
4427
4428
4430
4434
4435
4437
4438
4441
4442
4443
4445
4447
4449
4450
4451
4452
4456
4458
4461
4462
4464
4465
4471
4473
4474
4476
4477
4478
4479
4483
4485
4487
4488
4489
4490
4492
4493
4495
4496
4498
4499
4501
4502
4504
4506
4509
4511
4513
4515
4516
4518
4520
4523
4528
4529
4530
4531
4533
4535
4537
4538
4541
4542
4543
4545
4547
4551
4556
4557
4559
4560
4564
4565
4567
4569
4571
4572
4574
4576
4579
4580
4581
4582
4583
4587
4591
4592
4593
4594
4598
4600
4601
4602
4603
4604
4606
4607
4608
4609
4612
4615
4616
4617
4618
4619
4620
4621
4622
4624
4625
4627
4628
4630
4633
4634
4636
4637
4639
4644
4646
4648
4649
4650
4651
4652
4653
4655
4660
4661
4662
4664
4666
4667
4669
4673
4674
4675
4677
4678
4681
4682
4683
4686
4687
4692
4693
4695
4699
4700
4701
4704
4705
4706
4708
4709
4710
4712
4715
4716
4717
4719
4723
4725
4727
4729
4730
4738
4740
4741
4742
4743
4746
4750
4754
4756
4764
4766
4767
4770
4772
4774
4775
4777
4778
4779
4783
4784
4788
4789
4791
4794
4795
4796
4799
4805
4809
4810
4812
4813
4816
4817
4818
4820
4821
4822
4824
4826
4827
4830
4835
4844
4846
4847
4851
4852
4855
4859
4863
4864
4866
4867
4868
4869
4872
4873
4875
4876
4878
4880
4882
4884
4886
4887
4888
4889
4890
4893
4897
4898
4904
4905
4909
4910
4915
4917
4920
4922
4923
4924
4925
4926
4933
4936
4940
4942
4944
4946
4947
4948
4949
4950
4951
4952
4955
4957
4958
4960
4961
4963
4964
4965
4970
4972
4973
4974
4976
4979
4980
4982
4987
4991
4992
4996
4997
4999
5001
5002
5004
5005
5006
5008
5010
5015
5018
5020
5022
5023
5024
5025
5027
5029
5030
5031
5034
5038
5042
5046
5047
5048
5050
5057
5058
5061
5062
5063
5066
5067
5069
5071
5073
5074
5077
5080
5081
5083
5086
5087
5088
5091
5093
5095
5100
5104
5108
5114
5116
5121
5122
5125
5130
5131
5134
5135
5142
5145
5146
5147
5149
5153
5156
5157
5158
5162
5163
5166
5168
5169
5170
5171
5172
5173
5174
5176
5182
5190
5191
5192
5194
5195
5196
5198
5203
5204
5206
5208
5210
5211
5212
5213
5214
5215
5216
5217
5220
5223
5224
5227
5230
5231
5232
5233
5238
5240
5241
5243
5244
5246
5247
5249
5250
5252
5256
5259
5260
5263
5264
5265
5268
5269
5270
5271
5272
5274
5275
5280
5281
5288
5292
5293
5295
5296
5299
5302
5305
5307
5308
5309
5311
5312
5315
5317
5319
5321
5323
5324
5327
5329
5330
5333
5334
5336
5337
5338
5339
5343
5344
5345
5346
5349
5350
5351
5352
5353
5354
5356
5358
5360
5361
5363
5364
5366
5368
5369
5373
5374
5377
5380
5381
5388
5390
5395
5396
5398
5401
5402
5403
5404
5405
5408
5409
5411
5412
5413
5416
5417
5418
5419
5421
5424
5425
5426
5427
5430
5431
5433
5435
5437
5438
5442
5446
5448
5450
5452
5453
5454
5456
5457
5458
5459
5460
5462
5464
5468
5471
5473
5475
5477
5482
5483
5484
5486
5491
5494
5496
5497
5498
5501
5502
5503
5505
5507
5508
5511
5512
5513
5514
5515
5516
5517
5519
5521
5522
5523
5524
5525
5526
5527
5528
5530
5531
5535
5536
5541
5542
5543
5544
5547
5549
5551
5552
5554
5557
5559
5560
5565
5566
5568
5569
5570
5572
5573
5574
5575
5576
5581
5584
5588
5591
5593
5594
5595
5598
5599
5600
5601
5602
5603
5604
5611
5612
5613
5614
5615
5616
5617
5618
5620
5622
5623
5624
5625
5626
5627
5628
5629
5631
5632
5633
5636
5637
5638
5641
5644
5647
5648
5649
5652
5664
5665
5668
5669
5673
5674
5675
5676
5677
5679
5681
5683
5685
5687
5688
5689
5690
5692
5695
5703
5704
5705
5706
5707
5709
5710
5711
5712
5714
5715
5716
5718
5720
5722
5725
5728
5729
5731
5732
5733
5736
5738
5740
5741
5746
5747
5751
5754
5756
5761
5762
5763
5765
5775
5778
5780
5782
5784
5785
5787
5788
5789
5794
5795
5796
5798
5801
5803
5804
5805
5808
5812
5814
5818
5823
5824
5825
5826
5828
5829
5830
5831
5832
5833
5836
5837
5844
5846
5847
5848
5849
5851
5855
5857
5858
5860
5861
5862
5864
5866
5868
5869
5870
5873
5877
5878
5879
5881
5882
5883
5886
5887
5892
5894
5898
5899
5901
5902
5908
5910
5911
5914
5920
5923
5924
5928
5930
5931
5935
5937
5938
5943
5944
5945
5946
5947
5951
5953
5954
5956
5958
5959
5961
5962
5963
5964
5966
5967
5969
5973
5974
5975
5980
5981
5982
5983
5985
5989
5990
5993
5994
5995
5996
5997
5998
6002
6003
6006
6009
6010
6013
6014
6017
6018
6020
6021
6023
6025
6027
6030
6031
6032
6033
6036
6037
6038
6039
6040
6041
6042
6048
6050
6053
6054
6059
6061
6062
6064
6066
6067
6070
6072
6073
6074
6085
6087
6090
6093
6094
6095
6096
6097
6098
6100
6102
6103
6105
6106
6107
6113
6114
6115
6116
6117
6118
6120
6124
6127
6128
6133
6134
6135
6136
6137
6139
6140
6141
6142
6143
6145
6146
6147
6149
6151
6152
6153
6154
6155
6156
6157
6159
6162
6164
6165
6168
6169
6171
6173
6179
6180
6181
6182
6183
6184
6186
6189
6192
6194
6200
6202
6204
6215
6216
6217
6219
6222
6225
6227
6228
6229
6233
6236
6238
6242
6245
6247
6248
6249
6250
6251
6252
6256
6260
6263
6267
6268
6269
6271
6280
6283
6284
6289
6290
6293
6297
6298
6299
6301
6302
6303
6304
6305
6306
6307
6311
6313
6314
6315
6316
6318
6320
6327
6328
6330
6332
6336
6337
6339
6340
6341
6342
6343
6345
6346
6347
6349
6351
6353
6354
6355
6357
6358
6359
6360
6364
6365
6366
6370
6371
6373
6375
6378
6379
6380
6381
6382
6388
6390
6391
6392
6393
6394
6395
6396
6398
6400
6401
6404
6407
6408
6409
6411
6412
6415
6417
6418
6421
6422
6423
6424
6425
6426
6427
6428
6430
6432
6434
6437
6439
6440
6441
6442
6443
6445
6449
6453
6463
6465
6470
6475
6476
6477
6479
6481
6483
6484
6486
6488
6489
6492
6494
6495
6497
6500
6501
6502
6503
6506
6507
6509
6511
6513
6516
6518
6519
6520
6522
6524
6525
6527
6529
6530
6532
6533
6534
6535
6536
6537
6538
6542
6543
6545
6547
6548
6549
6550
6551
6555
6556
6557
6558
6559
6560
6562
6563
6564
6565
6566
6567
6569
6570
6572
6573
6574
6578
6579
6580
6581
6583
6586
6587
6590
6591
6592
6593
6594
6597
6598
6599
6601
6603
6604
6606
6608
6609
6612
6613
6616
6617
6619
6620
6621
6623
6625
6626
6631
6632
6634
6637
6639
6642
6645
6647
6648
6649
6650
6653
6656
6662
6663
6665
6666
6669
6673
6674
6675
6676
6681
6687
6688
6691
6692
6693
6694
6695
6696
6697
6699
6702
6704
6705
6709
6710
6712
6714
6715
6717
6718
6719
6723
6725
6728
6731
6732
6733
6734
6736
6738
6743
6747
6751
6753
6756
6758
6759
6760
6762
6766
6767
6771
6772
6774
6775
6776
6778
6779
6780
6781
6782
6783
6785
6787
6788
6789
6794
6796
6797
6800
6801
6803
6804
6805
6806
6807
6810
6812
6817
6818
6819
6820
6824
6826
6827
6830
6832
6833
6834
6835
6837
6838
6841
6842
6844
6845
6851
6852
6853
6855
6856
6859
6860
6861
6862
6864
6869
6871
6872
6876
6879
6880
6881
6885
6886
6892
6894
6895
6901
6902
6903
6905
6906
6907
6909
6910
6912
6913
6915
6916
6917
6920
6925
6927
6928
6932
6933
6934
6935
6936
6938
6940
6945
6947
6949
6951
6953
6954
6956
6957
6960
6962
6965
6967
6970
6972
6978
6979
6984
6985
6986
6987
6988
6990
6991
6993
6994
6995
6997
6998
6999
7000
7001
7003
7004
7006
7008
7011
7012
7014
7020
7021
7022
7023
7025
7027
7028
7030
7033
7036
7037
7038
7042
7043
7045
7046
7050
7051
7052
7058
7059
7060
7061
7062
7063
7064
7066
7069
7073
7074
7075
7076
7077
7078
7082
7083
7086
7091
7093
7095
7096
7097
7098
7101
7103
7107
7109
7110
7113
7116
7118
7122
7127
7128
7129
7132
7133
7136
7137
7140
7141
7142
7143
7145
7151
7152
7153
7155
7160
7161
7162
7164
7167
7168
7170
7171
7172
7173
7174
7175
7176
7178
7179
7181
7183
7185
7188
7189
7190
7191
7192
7193
7195
7196
7199
7202
7203
7205
7206
7208
7209
7215
7216
7221
7222
7223
7226
7227
7228
7231
7233
7234
7238
7239
7245
7246
7247
7253
7254
7256
7258
7259
7261
7263
7264
7265
7272
7274
7278
7281
7282
7284
7285
7289
7291
7293
7295
7297
7298
7299
7300
7301
7302
7303
7305
7307
7308
7309
7310
7313
7320
7322
7324
7326
7328
7330
7333
7336
7338
7343
7348
7349
7350
7352
7354
7356
7357
7360
7361
7365
7366
7367
7368
7369
7370
7371
7372
7373
7374
7375
7377
7380
7381
7382
7383
7386
7391
7392
7395
7396
7399
7400
7401
7402
7403
7404
7405
7406
7407
7408
7410
7411
7414
7415
7417
7420
7422
7426
7429
7430
7433
7434
7437
7442
7443
7445
7446
7447
7450
7454
7455
7456
7457
7460
7467
7470
7471
7472
7474
7476
7482
7486
7489
7490
7491
7492
7498
7499
7500
7501
7502
7504
7506
7509
7512
7513
7515
7517
7518
7519
7522
7525
7528
7532
7534
7535
7536
7538
7539
7541
7542
7544
7548
7556
7557
7558
7565
7569
7570
7571
7572
7573
7578
7579
7583
7585
7589
7592
7593
7594
7596
7597
7598
7599
7601
7604
7607
7609
7610
7612
7615
7617
7620
7621
7623
7624
7625
7628
7629
7632
7635
7637
7639
7640
7641
7643
7645
7649
7650
7651
7652
7656
7657
7658
7659
7663
7664
7666
7668
7670
7672
7675
7678
7680
7682
7684
7686
7688
7689
7690
7692
7693
7696
7697
7698
7699
7701
7704
7706
7711
7712
7722
7724
7730
7732
7736
7738
7739
7740
7741
7742
7743
7744
7746
7747
7748
7750
7755
7759
7762
7763
7764
7765
7766
7769
7770
7776
7777
7779
7780
7782
7783
7784
7787
7796
7798
7805
7806
7807
7816
7817
7818
7819
7822
7827
7828
7832
7833
7835
7837
7841
7842
7844
7848
7850
7853
7854
7857
7858
7863
7864
7865
7867
7873
7875
7876
7877
7878
7882
7884
7888
7890
7892
7893
7894
7897
7899
7900
7902
7904
7905
7907
7908
7912
7915
7917
7919
7920
7923
7924
7925
7928
7929
7934
7936
7937
7938
7940
7941
7942
7943
7944
7945
7949
7952
7953
7957
7959
7961
7962
7964
7966
7970
7972
7973
7974
7975
7977
7979
7980
7981
7983
7984
7985
7988
7989
7992
7993
7994
7998
8000
8001
8002
8005
8006
8008
8009
8011
8013
8014
8016
8022
8023
8024
8025
8026
8027
8028
8029
8034
8035
8036
8038
8041
8042
8044
8045
8047
8052
8055
8058
8060
8062
8064
8065
8067
8070
8071
8073
8075
8077
8080
8082
8083
8088
8089
8091
8093
8094
8098
8099
8103
8105
8106
8113
8114
8115
8117
8118
8119
8121
8123
8127
8129
8130
8132
8133
8134
8136
8137
8138
8141
8145
8148
8151
8153
8154
8158
8160
8162
8164
8168
8170
8172
8173
8174
8175
8176
8177
8182
8184
8186
8188
8189
8190
8193
8194
8195
8198
8200
8203
8204
8205
8208
8209
8213
8215
8216
8219
8220
8221
8223
8224
8225
8226
8227
8229
8230
8231
8234
8235
8237
8238
8239
8241
8243
8245
8246
8247
8249
8252
8253
8254
8255
8257
8258
8259
8260
8261
8262
8265
8266
8268
8273
8275
8276
8278
8279
8282
8284
8285
8286
8288
8290
8292
8298
8299
8303
8304
8305
8307
8308
8309
8310
8312
8313
8314
8316
8317
8318
8323
8324
8325
8326
8329
8330
8331
8332
8334
8335
8336
8339
8341
8342
8343
8346
8348
8350
8352
8353
8355
8358
8359
8360
8362
8364
8368
8372
8374
8377
8378
8379
8381
8382
8383
8384
8385
8386
8387
8389
8392
8393
8395
8397
8400
8409
8412
8413
8415
8418
8419
8421
8422
8425
8427
8428
8432
8435
8436
8439
8441
8443
8447
8448
8454
8455
8456
8457
8458
8460
8461
8463
8464
8465
8466
8468
8470
8471
8474
8476
8483
8485
8487
8489
8492
8496
8501
8503
8506
8507
8509
8511
8512
8514
8516
8517
8520
8521
8522
8523
8525
8527
8529
8531
8532
8533
8540
8543
8547
8550
8552
8554
8555
8557
8558
8559
8567
8568
8569
8570
8574
8584
8585
8595
8600
8603
8607
8620
8640
8648
8654
8662
8664
8666
8667
8668
8670
8672
8673
8674
8676
8677
8734
8736
8738
8740
8741
8743
8746
8747
8749
8751
8754
8755
8758
8761
8763
8765
8766
8767
8768
8770
8771
8773
8776
8783
8785
8790
8791
8792
8794
8798
8799
8800
8803
8805
8809
8813
8817
8819
8820
8823
8826
8828
8829
8831
8834
8835
8836
8838
8839
8840
8841
8842
8843
8849
8852
8854
8855
8856
8859
8860
8864
8865
8866
8870
8871
8873
8876
8878
8879
8880
8885
8886
8888
8890
8891
8896
8898
8899
8900
8905
8912
8922
8929
8934
8942
8954
8956
8957
8958
8961
8962
8963
8965
8968
8969
8973
8976
8977
8978
8979
8983
8984
8991
8996
9001
9005
9007
9010
9013
9016
9018
9019
9021
9022
9023
9025
9026
9028
9034
9039
9040
9041
9042
9043
9044
9049
9052
9056
9062
9066
9069
9070
9071
9078
9081
9084
9089
9091
9094
9096
9100
9101
9104
9109
9115
9116
9118
9119
9120
9121
9124
9126
9127
9128
9130
9131
9132
9133
9135
9136
9138
9140
9141
9144
9146
9147
9148
9151
9154
9155
9156
9158
9159
9160
9164
9166
9169
9171
9174
9181
9182
9186
9188
9189
9190
9194
9195
9196
9197
9200
9201
9202
9203
9205
9206
9208
9275
9281
9282
9284
9285
9288
9290
9293
9296
9299
9302
9303
9305
9310
9312
9314
9315
9316
9319
9320
9322
9325
9327
9330
9332
9333
9337
9338
9347
9348
9350
9352
9353
9355
9357
9358
9361
9363
9368
9369
9370
9371
9373
9374
9375
9376
9380
9381
9382
9385
9387
9388
9390
9391
9393
9396
9400
9414
9418
9419
9422
9423
9424
9426
9427
9429
9436
9437
9438
9440
9446
9449
9450
9451
9452
9453
9454
9458
9459
9466
9471
9472
9473
9474
9476
9477
9478
9481
9482
9484
9486
9487
9488
9493
9578
9579
9583
9586
9593
9594
9599
9607
9608
9609
9615
9616
9618
9620
9621
9624
9626
9627
9629
9630
9632
9640
9644
9647
9653
9654
9657
9659
9662
9665
9666
9667
9668
9669
9676
9677
9681
9683
9684
9685
9686
9689
9690
9692
9693
9695
9697
9698
9700
9702
9704
9705
9706
9709
9711
9714
9717
9719
9722
9723
9724
9726
9781
9790
9791
9792
9796
9798
9800
9801
9803
9806
9807
9808
9811
9814
9819
9820
9821
9824
9825
9827
9829
9831
9832
9835
9836
9837
9838
9839
9840
9841
9842
9844
9845
9847
9848
9849
9850
9852
9856
9857
9861
9863
9864
9866
9867
9868
9869
9870
9871
9872
9874
9875
9880
9883
9887
9888
9889
9892
9893
9894
9897
9900
9904
9906
9907
9910
9913
9917
9923
9924
9929
9932
9934
9936
9937
9938
9940
9942
9943
9945
9946
9947
9950
9951
9952
9955
9958
9962
9964
9965
9966
10018
10019
10020
10021
10022
10023
10025
10028
10031
10033
10034
10035
10038
10039
10040
10043
10044
10045
10047
10049
10077
10080
10081
10084
10093
10096
10097
10098
10100
10101
10103
10104
10106
10111
10112
10113
10114
10115
10116
10117
10119
10120
10122
10123
10127
10128
10131
10134
10135
10136
10137
10143
10144
10146
10147
10148
10153
10156
10157
10159
10185
10205
10217
10218
10220
10221
10222
10227
10232
10233
10234
10235
10240
10241
10242
10243
10244
10245
10246
10251
10252
10255
10256
10257
10258
10259
10260
10261
10263
10265
10268
10269
10272
10273
10278
10279
10280
10281
10282
10284
10285
10286
10287
10288
10290
10296
10301
10302
10303
10304
10306
10309
10313
10315
10316
10318
10320
10321
10322
10323
10325
10328
10329
10331
10332
10338
10342
10343
10345
10346
10348
10352
10353
10354
10355
10356
10359
10360
10362
10363
10365
10366
10367
10368
10369
10370
10372
10374
10377
10381
10382
10384
10387
10388
10389
10390
10391
10392
10393
10394
10395
10396
10397
10398
10400
10401
10402
10409
10412
10413
10414
10415
10417
10418
10420
10421
10422
10423
10424
10427
10430
10434
10435
10441
10442
10444
10445
10446
10454
10456
10459
10460
10463
10464
10465
10469
10470
10473
10475
10478
10481
10482
10485
10488
10490
10495
10496
10500
10501
10502
10504
10505
10507
10511
10512
10513
10520
10521
10522
10524
10526
10528
10532
10533
10534
10539
10543
10544
10548
10550
10552
10553
10554
10555
10556
10559
10566
10568
10569
10570
10572
10577
10581
10582
10584
10585
10586
10590
10591
10594
10596
10598
10599
10603
10605
10609
10610
10611
10612
10613
10614
10615
10616
10617
10619
10621
10627
10628
10632
10635
10636
10639
10641
10642
10646
10647
10650
10655
10656
10659
10660
10661
10662
10667
10668
10670
10674
10675
10676
10679
10680
10681
10683
10685
10689
10692
10693
10696
10697
10699
10700
10701
10703
10709
10711
10712
10713
10716
10717
10724
10725
10729
10730
10733
10734
10738
10739
10740
10742
10744
10745
10746
10747
10748
10751
10753
10754
10756
10759
10760
10761
10762
10763
10764
10765
10766
10767
10776
10780
10781
10783
10787
10788
10789
10790
10791
10792
10794
10795
10803
10804
10805
10806
10807
10813
10814
10815
10820
10821
10823
10824
10825
10826
10827
10829
10830
10833
10834
10837
10838
10839
10841
10842
10843
10846
10847
10849
10850
10851
10854
10856
10859
10862
10864
10866
10867
10868
10871
10872
10874
10877
10878
10880
10881
10883
10885
10888
10891
10892
10898
10900
10902
10906
10907
10909
10910
10911
10912
10913
10914
10915
10916
10918
10919
10920
10926
10928
10929
10931
10938
10939
10942
10943
10945
10948
10949
10950
10951
10952
10953
10954
10955
10956
10957
10959
10961
10963
10965
10968
10969
10972
10974
10975
10978
10979
10981
10984
10985
10988
10989
10991
10996
11001
11002
11005
11006
11007
11008
11012
11013
11014
11015
11017
11018
11020
11021
11023
11024
11025
11026
11029
11033
11034
11035
11036
11037
11038
11043
11044
11045
11046
11047
11049
11050
11052
11057
11058
11063
11065
11069
11070
11074
11076
11077
11080
11082
11085
11087
11089
11093
11096
11097
11103
11104
11105
11107
11108
11110
11113
11115
11116
11118
11120
11123
11124
11125
11126
11127
11128
11129
11131
11132
11135
11136
11137
11139
11142
11144
11145
11146
11149
11152
11156
11157
11159
11161
11163
11164
11165
11166
11169
11170
11171
11173
11175
11177
11178
11179
11182
11186
11190
11191
11193
11196
11197
11199
11200
11201
11202
11204
11205
11208
11210
11211
11212
11214
11215
11216
11219
11221
11223
11226
11229
11231
11232
11233
11234
11235
11237
11239
11240
11241
11242
11245
11248
11249
11250
11252
11253
11254
11255
11256
11257
11263
11264
11267
11272
11274
11276
11279
11281
11283
11286
11287
11288
11289
11290
11296
11298
11299
11300
11301
11303
11305
11308
11309
11313
11315
11316
11318
11320
11321
11325
11327
11328
11330
11336
11342
11344
11348
11349
11351
11353
11354
11356
11357
11359
11360
11361
11362
11363
11366
11367
11371
11372
11373
11376
11377
11378
11380
11382
11383
11387
11388
11390
11391
11393
11394
11395
11396
11397
11398
11400
11401
11404
11409
11410
11411
11412
11414
11415
11416
11419
11423
11427
11428
11429
11431
11432
11435
11438
11439
11443
11446
11449
11450
11451
11455
11456
11457
11460
11461
11462
11463
11464
11465
11467
11468
11470
11471
11472
11473
11474
11475
11480
11481
11482
11483
11484
11487
11488
11490
11491
11492
11496
11497
11498
11502
11503
11504
11506
11510
11512
11518
11519
11521
11522
11523
11524
11526
11528
11535
11537
11538
11542
11543
11544
11546
11547
11548
11549
11550
11555
11556
11557
11560
11561
11564
11565
11566
11567
11570
11578
11581
11585
11587
11590
11591
11592
11593
11595
11597
11598
11599
11600
11601
11602
11603
11604
11605
11606
11607
11609
11610
11612
11615
11616
11618
11620
11621
11622
11625
11626
11627
11628
11629
11630
11633
11635
11636
11637
11638
11641
11642
11643
11646
11647
11648
11651
11652
11654
11659
11660
11661
11663
11665
11666
11671
11673
11674
11675
11677
11678
11682
11684
11686
11687
11689
11690
11691
11692
11693
11695
11699
11700
11703
11704
11705
11708
11709
11710
11712
11713
11715
11716
11718
11722
11724
11726
11729
11731
11732
11735
11736
11737
11738
11747
11748
11749
11751
11753
11754
11760
11764
11765
11766
11768
11769
11771
11773
11774
11776
11777
11779
11780
11781
11783
11785
11794
11797
11799
11800
11802
11804
11806
11807
11808
11809
11811
11814
11816
11817
11818
11819
11822
11827
11830
11831
11832
11833
11834
11836
11841
11846
11848
11849
11850
11851
11852
11856
11861
11862
11863
11871
11872
11873
11876
11877
11878
11880
11883
11889
11891
11892
11893
11897
11898
11902
11903
11904
11905
11906
11910
11916
11917
11921
11922
11925
11928
11929
11930
11931
11932
11934
11935
11936
11938
11939
11944
11947
11950
11951
11952
11953
11954
11956
11961
11962
11964
11966
11967
11970
11972
11973
11975
11979
11984
11985
11986
11989
11991
11994
11996
11997
12000
12004
12005
12006
12008
12009
12010
12011
12012
12014
12016
12019
12021
12022
12030
12031
12036
12041
12042
12043
12045
12047
12048
12049
12050
12051
12053
12054
12055
12058
12062
12065
12067
12068
12071
12072
12073
12075
12076
12078
12083
12084
12086
12087
12088
12093
12094
12095
12097
12098
12099
12100
12101
12102
12103
12105
12106
12107
12109
12110
12112
12114
12119
12121
12122
12123
12124
12128
12130
12138
12141
12143
12144
12146
